0.0
15.0
38.0
62.0
83.0
99.0
153.0
181.0
188.0
217.0
250.0
293.0
311.0
312.0
483.0
822.0
1037.0
1054.0
1054.0
1406.0
1425.0
1427.0
1500.0
1506.0
1524.0
1543.0
1562.0
1581.0
1597.0
1679.0
1689.0
1721.0
1725.0
1783.0
2052.0
2158.0
2217.0
2256.0
2288.0
2308.0
2312.0
2355.0
2355.0
2360.0
2416.0
2445.0
2468.0
2469.0
2477.0
2510.0
2517.0
2555.0
2628.0
2629.0
2637.0
2660.0
2668.0
2703.0
2706.0
2707.0
2727.0
2728.0
2781.0
2784.0
2794.0
2797.0
2803.0
2803.0
2803.0
2841.0
2844.0
2868.0
2907.0
2912.0
2928.0
2932.0
3001.0
3014.0
3048.0
3077.0
3084.0
3160.0
3175.0
3295.0
3298.0
3306.0
3306.0
3324.0
3339.0
3347.0
3354.0
3370.0
3383.0
3394.0
3427.0
3468.0
3490.0
3510.0
3510.0
3528.0
3572.0
3588.0
3660.0
3669.0
3671.0
3680.0
3686.0
3758.0
3774.0
3793.0
3797.0
3812.0
3845.0
3875.0
3914.0
3914.0
3931.0
3941.0
3945.0
3969.0
3979.0
4025.0
4036.0
4039.0
4132.0
4149.0
4153.0
4191.0
4250.0
4279.0
4282.0
4293.0
4296.0
4333.0
4343.0
4359.0
4374.0
4394.0
4399.0
4401.0
4428.0
4434.0
4443.0
4463.0
4474.0
4486.0
4486.0
4524.0
4526.0
4549.0
4551.0
4555.0
4588.0
4590.0
4615.0
4626.0
4627.0
4643.0
4649.0
4679.0
4679.0
4705.0
4707.0
4815.0
4825.0
4896.0
4921.0
4933.0
4937.0
4938.0
4978.0
5015.0
5022.0
5061.0
5079.0
5085.0
5087.0
5095.0
5109.0
5125.0
5141.0
5144.0
5161.0
5173.0
5189.0
5206.0
5262.0
5294.0
5296.0
5297.0
5306.0
5359.0
5378.0
5382.0
5394.0
5430.0
5520.0
5524.0
5535.0
5571.0
5613.0
5627.0
5640.0
5699.0
5734.0
5757.0
5775.0
5785.0
5787.0
5795.0
5808.0
5826.0
5849.0
5861.0
5868.0
5872.0
5883.0
5913.0
5921.0
5921.0
5923.0
5924.0
5925.0
5932.0
5934.0
5939.0
5940.0
5976.0
6004.0
6006.0
6015.0
6015.0
6046.0
6057.0
6075.0
6080.0
6087.0
6094.0
6097.0
6098.0
6109.0
6112.0
6115.0
6119.0
6163.0
6200.0
6208.0
6219.0
6228.0
6237.0
6243.0
6262.0
6269.0
6273.0
6289.0
6293.0
6296.0
6301.0
6312.0
6314.0
6321.0
6330.0
6337.0
6369.0
6388.0
6388.0
6395.0
6414.0
6419.0
6422.0
6430.0
6437.0
6445.0
6463.0
6467.0
6472.0
6475.0
6480.0
6483.0
6488.0
6501.0
6504.0
6505.0
6509.0
6514.0
6516.0
6518.0
6528.0
6531.0
6536.0
6565.0
6565.0
6591.0
6611.0
6614.0
6621.0
6629.0
6637.0
6641.0
6651.0
6654.0
6659.0
6661.0
6662.0
6674.0
6683.0
6691.0
6692.0
6698.0
6715.0
6717.0
6725.0
6737.0
6737.0
6739.0
6757.0
6768.0
6774.0
6780.0
6789.0
6802.0
6805.0
6805.0
6810.0
6812.0
6816.0
6818.0
6829.0
6831.0
6833.0
6836.0
6837.0
6844.0
6849.0
6849.0
6866.0
6869.0
6869.0
6878.0
6878.0
6890.0
6913.0
6917.0
6925.0
6930.0
6955.0
6965.0
6969.0
6983.0
6984.0
6985.0
6992.0
6993.0
6998.0
7004.0
7012.0
7013.0
7020.0
7021.0
7023.0
7025.0
7032.0
7042.0
7044.0
7052.0
7059.0
7067.0
7078.0
7110.0
7117.0
7123.0
7129.0
7153.0
7186.0
7187.0
7204.0
7222.0
7228.0
7233.0
7236.0
7250.0
7255.0
7262.0
7263.0
7272.0
7279.0
7281.0
7284.0
7285.0
7300.0
7306.0
7317.0
7319.0
7322.0
7327.0
7329.0
7333.0
7337.0
7353.0
7364.0
7368.0
7369.0
7386.0
7389.0
7400.0
7403.0
7413.0
7419.0
7428.0
7484.0
7490.0
7508.0
7534.0
7547.0
7564.0
7567.0
7572.0
7639.0
7655.0
7668.0
7675.0
7675.0
7688.0
7715.0
7724.0
7734.0
7750.0
7756.0
7782.0
7787.0
7792.0
7798.0
7805.0
7846.0
7851.0
7908.0
7944.0
8012.0
8024.0
8038.0
8042.0
8042.0
8047.0
8051.0
8059.0
8061.0
8061.0
8066.0
8070.0
8082.0
8098.0
8122.0
8123.0
8131.0
8151.0
8158.0
8172.0
8174.0
8184.0
8184.0
8194.0
8207.0
8211.0
8238.0
8239.0
8259.0
8262.0
8266.0
8271.0
8291.0
8306.0
8326.0
8327.0
8327.0
8360.0
8361.0
8362.0
8364.0
8400.0
8630.0
8936.0
8950.0
8952.0
8954.0
8969.0
9694.0
9697.0
9709.0
9746.0
9750.0
9750.0
9770.0
9773.0
9779.0
9784.0
9794.0
9811.0
9820.0
9823.0
9828.0
9838.0
9844.0
9899.0
9912.0
9916.0
9946.0
9994.0
9997.0
9997.0
10000.0
10017.0
10022.0
10060.0
10067.0
10072.0
10085.0
10091.0
10099.0
10107.0
10114.0
10116.0
10121.0
10123.0
10129.0
10136.0
10149.0
10152.0
10196.0
10203.0
10251.0
10285.0
10307.0
10334.0
10339.0
10342.0
10342.0
10346.0
10351.0
10365.0
10386.0
10387.0
10393.0
10395.0
10395.0
10413.0
10415.0
10420.0
10421.0
10431.0
10444.0
10450.0
10457.0
10457.0
10460.0
10466.0
10475.0
10479.0
10492.0
10501.0
10507.0
10521.0
10523.0
10537.0
10537.0
10551.0
10569.0
10640.0
10642.0
10654.0
10663.0
10672.0
10673.0
10677.0
10680.0
10688.0
10690.0
10709.0
10717.0
10720.0
10729.0
10735.0
10746.0
10751.0
10753.0
10755.0
10760.0
10764.0
10780.0
10798.0
10806.0
10813.0
10827.0
10840.0
10853.0
10855.0
10875.0
10887.0
10914.0
10933.0
10943.0
10953.0
10954.0
10958.0
11048.0
11058.0
11116.0
11116.0
11117.0
11124.0
11127.0
11132.0
11134.0
11140.0
11167.0
11172.0
11187.0
11191.0
11201.0
11210.0
11213.0
11217.0
11227.0
11245.0
11249.0
11252.0
11257.0
11259.0
11264.0
11275.0
11279.0
11286.0
11309.0
11330.0
11332.0
11334.0
11360.0
11393.0
11451.0
11462.0
11482.0
11489.0
11506.0
11510.0
11523.0
11545.0
11583.0
11592.0
11599.0
11599.0
11605.0
11619.0
11669.0
11675.0
11703.0
11710.0
11712.0
11717.0
11726.0
11742.0
11743.0
11750.0
11793.0
11797.0
11817.0
11821.0
11830.0
11831.0
11834.0
11841.0
11850.0
11853.0
11855.0
11862.0
11866.0
11892.0
11918.0
11922.0
11948.0
11964.0
11984.0
11986.0
11994.0
11999.0
12012.0
12014.0
12023.0
12026.0
12031.0
12032.0
12040.0
12057.0
12079.0
12104.0
12125.0
12129.0
12141.0
12159.0
12160.0
12162.0
12185.0
12186.0
12188.0
12204.0
12217.0
12223.0
12229.0
12229.0
12230.0
12234.0
12250.0
12262.0
12264.0
12291.0
12299.0
12309.0
12323.0
12328.0
12331.0
12342.0
12349.0
12353.0
12364.0
12383.0
12404.0
12404.0
12429.0
12429.0
12440.0
12442.0
12442.0
12450.0
12452.0
12456.0
12465.0
12468.0
12472.0
12477.0
12479.0
12489.0
12490.0
12498.0
12503.0
12536.0
12539.0
12542.0
12554.0
12562.0
12572.0
12582.0
12598.0
12603.0
12604.0
12611.0
12612.0
12624.0
12628.0
12632.0
12635.0
12639.0
12641.0
12649.0
12653.0
12671.0
12678.0
12684.0
12689.0
12699.0
12728.0
12731.0
12762.0
12764.0
12781.0
12788.0
12789.0
12797.0
12810.0
12819.0
12825.0
12828.0
12831.0
12846.0
12852.0
12855.0
12857.0
12858.0
12869.0
12874.0
12878.0
12884.0
12887.0
12888.0
12892.0
12898.0
12906.0
12926.0
12935.0
12945.0
12950.0
12956.0
12962.0
12980.0
12995.0
13014.0
13015.0
13017.0
13018.0
13020.0
13022.0
13028.0
13048.0
13058.0
13067.0
13128.0
13134.0
13142.0
13152.0
13156.0
13162.0
13177.0
13182.0
13189.0
13197.0
13204.0
13208.0
13239.0
13243.0
13245.0
13262.0
13266.0
13275.0
13283.0
13284.0
13303.0
13323.0
13331.0
13336.0
13341.0
13341.0
13344.0
13344.0
13350.0
13350.0
13350.0
13359.0
13360.0
13365.0
13366.0
13378.0
13378.0
13383.0
13384.0
13386.0
13405.0
13409.0
13428.0
13435.0
13446.0
13453.0
13469.0
13469.0
13471.0
13490.0
13492.0
13502.0
13534.0
13539.0
13589.0
13603.0
13624.0
13647.0
13656.0
13668.0
13680.0
13682.0
13684.0
13693.0
13695.0
13702.0
13709.0
13713.0
13727.0
13729.0
13730.0
13735.0
13738.0
13772.0
13811.0
13813.0
13816.0
13821.0
13827.0
13831.0
13832.0
13855.0
13859.0
13870.0
13879.0
13894.0
13901.0
13910.0
13928.0
13930.0
13950.0
13958.0
13969.0
14017.0
14024.0
14030.0
14031.0
14124.0
14135.0
14155.0
14166.0
14172.0
14175.0
14196.0
14199.0
14202.0
14215.0
14224.0
14225.0
14233.0
14247.0
14254.0
14262.0
14278.0
14289.0
14303.0
14307.0
14324.0
14326.0
14330.0
14368.0
14377.0
14381.0
14385.0
14396.0
14405.0
14406.0
14418.0
14424.0
14430.0
14432.0
14438.0
14444.0
14444.0
14455.0
14471.0
14472.0
14475.0
14479.0
14481.0
14483.0
14494.0
14494.0
14524.0
14527.0
14537.0
